%YAML:1.0
---
rotation_matrix: !!opencv-matrix
   rows: 3
   cols: 3
   dt: d
   data: [ -9.9960146941072903e-01, -2.4087866641326155e-02,
       -1.4719953552270792e-02, 2.3207367790410563e-02,
       -9.9808645054962075e-01, 5.7313657268574569e-02,
       -1.6072349926253504e-02, 5.6949204647024576e-02,
       9.9824769854877149e-01 ]
translation_vector: !!opencv-matrix
   rows: 3
   cols: 1
   dt: d
   data: [ -2.5783539747036788e-01, -1.4935221841058210e-01,
       9.9240546166477372e-01 ]
