%YAML:1.0
---
rotation_matrix: !!opencv-matrix
   rows: 3
   cols: 3
   dt: d
   data: [ -9.9968829070570464e-01, 3.4933747909961133e-03,
       -2.4720796072868517e-02, -3.8911469574196651e-03,
       -9.9986344516790904e-01, 1.6060821657553626e-02,
       -2.4661313859210436e-02, 1.6152007600592891e-02,
       9.9956537167371284e-01 ]
translation_vector: !!opencv-matrix
   rows: 3
   cols: 1
   dt: d
   data: [ -2.4143034196650123e-01, -6.1812543601149517e-02,
       9.6339776820796585e-01 ]
