%YAML:1.0
---
rotation_matrix: !!opencv-matrix
   rows: 3
   cols: 3
   dt: d
   data: [ 9.4579107185590716e-01, -1.1255040927089241e-01,
       -3.0465005132218331e-01, 3.8161189305925380e-02,
       9.7004641238975053e-01, -2.3990348359399105e-01,
       3.2252592458345353e-01, 2.1527276460976097e-01,
       9.2175629359872557e-01 ]
translation_vector: !!opencv-matrix
   rows: 3
   cols: 1
   dt: d
   data: [ -2.8054755176536933e-01, -3.0233363612619767e-02,
       4.7409277673897982e-01 ]
